Equilsteps
207
332
234
1061
1800
1423
460
310
1650
496
289
1024
552
1370
1585
822
362
396
373
390
884
766
585
3208
577
488
1324
741
941
1100
1829
348
1415
356
875
308
1502
970
776
631
1376
500
260
1212
2467
316
384
2925
663
688
394
707
1465
617
684
531
288
745
895
443
1308
462
1663
1446
1353
1057
1567
412
355
892
673
459
210
1181
626
730
1206
654
427
1069
1166
543
1070
292
581
333
655
2245
431
1302
664
1572
355
1817
332
861
235
275
1280
879
159
300
645
610
1411
1463
381
840
608
1049
525
465
680
765
365
749
1950
1798
899
330
693
571
719
557
412
428
1506
410
413
569
375
1359
669
1168
806
230
1083
590
303
311
707
335
845
1329
896
300
1094
339
767
676
867
484
659
2384
304
504
774
1116
394
466
1235
928
1234
652
460
1040
494
998
815
217
785
264
301
1207
519
476
482
714
630
774
443
667
857
391
336
571
459
1155
421
747
913
320
322
484
722
1018
1730
961
817
291
283
612
1015
663
510
289
934
719
950
760
931
953
657
344
333
256
1313
808
1899
653
853
832
642
322
1621
350
3352
543
835
485
833
659
355
382
618
1214
760
336
2638
1673
540
524
501
296
817
331
497
2331
1008
807
806
603
1899
727
313
2741
583
486
580
2097
436
1555
976
833
1307
470
995
1303
1103
772
683
233
381
697
2001
1053
349
313
922
534
434
1589
482
2098
355
1887
525
651
971
419
279
469
2120
449
203
381
734
286
718
1285
940
2689
1663
1578
405
303
606
977
839
440
151
1772
1198
317
295
281
755
1449
1290
898
503
1522
624
1655
1298
514
519
415
1085
396
436
418
389
1104
1630
484
1460
303
1359
730
321
704
801
742
1347
370
485
1561
568
517
695
855
1306
940
749
760
2575
663
1073
372
1603
1466
424
1595
703
1145
853
1091
748
760
648
1036
479
357
470
783
381
377
932
279
230
382
4370
1546
755
1978
629
2138
857
1903
513
512
1297
1517
1344
160
828
253
545
686
1546
285
855
720
401
388
1147
259
349
596
2201
1218
487
716
740
636
2933
912
712
908
301
3670
606
164
369
862
458
1115
1787
2786
1487
734
389
186
790
1427
287
1710
945
911
2558
690
419
1121
616
520
1788
674
1695
271
1252
806
218
1517
1331
492
538
957
546
603
1568
1380
458
679
582
567
847
1649
152
1389
352
3069
661
166
1145
581
255
1039
760
618
605
471
1771
328
780
1303
458
467
511
394
277
1217
275
270
1775
249
1134
1214
1557
763
1010
941
274
601
753
319
1561
1295
1284
754
378
445
2065
1005
2520
172
1137
794
1753
991
335
705
565
246
365
317
885
316
170
395
586
1019
781
992
1611
994
467
248
444
141
201
1223
565
454
894
3106
818
1595
928
810
1008
1018
694
1405
719
485
863
1476
248
757
678
584
1588
1045
873
1952
305
452
1694
1907
1216
566
1309
442
802
532
3511
306
413
1183
1356
682
189
1837
744
809
461
326
1139
810
635
311
1261
231
1256
466
908
2011
459
1391
1500
1408
312
289
233
163
1280
851
805
252
337
335
3399
1301
605
1224
284
256
387
564
1834
1406
670
835
1975
1527
415
355
322
1113
616
866
449
1782
869
2389
424
1298
1171
635
330
289
242
751
609
341
1005
574
1270
2623
216
1622
1986
1238
654
978
551
1178
212
886
406
570
411
500
719
890
202
982
2112
1163
329
3295
1164
409
1743
1078
1309
598
259
508
2492
514
414
1135
619
519
346
1460
471
724
622
907
767
292
1950
1339
1082
340
681
1067
635
1627
605
625
1420
1115
663
1108
307
1161
601
523
601
1301
912
2917
566
1364
694
1154
905
1715
260
372
764
201
264
1137
815
1051
1242
881
250
966
549
1040
286
470
2494
433
1150
887
3057
1721
376
395
924
856
825
673
1053
1252
773
462
934
676
609
752
2434
515
596
1155
353
446
1388
764
1241
482
467
1803
1870
2961
4262
396
319
237
1456
568
340
442
1008
956
311
383
1215
453
745
1099
547
516
697
959
1514
1130
1876
1661
1256
181
464
986
2057
1181
451
717
728
161
640
491
182
518
286
1985
1256
722
411
875
1934
1645
2478
314
623
576
1183
683
216
389
1017
1188
1106
1387
893
419
200
221
564
877
994
3465
172
397
2280
1376
1361
591
1698
1819
1022
764
812
599
1575
383
556
661
311
982
239
1608
1039
852
456
514
812
2914
590
724
405
2042
608
1701
441
576
2263
183
460
303
531
2158
1841
625
733
377
388
365
745
1130
298
475
817
2257
895
930
1112
141
495
235
1605
520
1356
1579
122
400
548
136
1266
525
436
1089
827
355
1429
1054
414
2106
394
612
838
914
448
1501
456
3011
1298
796
1332
3293
749
1988
621
980
1168
824
1076
913
576
1580
529
462
812
989
523
988
387
2086
1128
287
1427
515
456
2348
327
1283
839
364
799
232
316
399
1589
1377
614
945
543
1536
1242
2192
423
741
353
582
1162
1526
524
369
841
800
2854
1499
614
867
915
877
521
377
512
