p1 p3 <I>/N
0.0 0.0 0.0
0.0 0.05 0.0
0.0 0.1 0.0
0.0 0.15000000000000002 0.0
0.0 0.2 0.0
0.0 0.25 0.0
0.0 0.30000000000000004 0.0
0.0 0.35000000000000003 0.0
0.0 0.4 0.0
0.0 0.45 0.0
0.0 0.5 0.0
0.0 0.55 0.0
0.0 0.6000000000000001 0.0
0.0 0.65 0.0
0.0 0.7000000000000001 0.0
0.0 0.75 0.0
0.0 0.8 0.0
0.0 0.8500000000000001 0.0
0.0 0.9 0.0
0.0 0.9500000000000001 0.0
0.0 1.0 0.0
0.05 0.0 0.0
0.05 0.05 0.0
0.05 0.1 0.0
0.05 0.15000000000000002 0.0
0.05 0.2 0.0
0.05 0.25 0.0
0.05 0.30000000000000004 0.0
0.05 0.35000000000000003 0.0
0.05 0.4 0.0
0.05 0.45 0.0
0.05 0.5 0.0
0.05 0.55 0.0
0.05 0.6000000000000001 0.0
0.05 0.65 0.0
0.05 0.7000000000000001 0.004057142857142857
0.05 0.75 0.0
0.05 0.8 0.0
0.05 0.8500000000000001 0.0
0.05 0.9 0.0
0.05 0.9500000000000001 0.0
0.05 1.0 0.0
0.1 0.0 0.0
0.1 0.05 0.0
0.1 0.1 0.0
0.1 0.15000000000000002 0.0
0.1 0.2 0.0
0.1 0.25 0.0
0.1 0.30000000000000004 0.0
0.1 0.35000000000000003 0.0
0.1 0.4 0.0
0.1 0.45 0.0
0.1 0.5 0.0078044444444444454
0.1 0.55 0.044307784431137726
0.1 0.6000000000000001 0.051166067864271456
0.1 0.65 0.061986027944111774
0.1 0.7000000000000001 0.06862475049900199
0.1 0.75 0.07528742514970059
0.1 0.8 0.07929780439121756
0.1 0.8500000000000001 0.08402395209580839
0.1 0.9 0.08770059880239521
0.1 0.9500000000000001 0.08953253493013971
0.1 1.0 0.09301477045908182
0.15000000000000002 0.0 0.0
0.15000000000000002 0.05 0.0
0.15000000000000002 0.1 0.0
0.15000000000000002 0.15000000000000002 0.0
0.15000000000000002 0.2 0.0
0.15000000000000002 0.25 0.0
0.15000000000000002 0.30000000000000004 0.0
0.15000000000000002 0.35000000000000003 0.0
0.15000000000000002 0.4 0.010380676328502416
0.15000000000000002 0.45 0.04397924151696607
0.15000000000000002 0.5 0.07035049900199601
0.15000000000000002 0.55 0.08812335329341317
0.15000000000000002 0.6000000000000001 0.1000814371257485
0.15000000000000002 0.65 0.10819201596806388
0.15000000000000002 0.7000000000000001 0.11667425149700598
0.15000000000000002 0.75 0.1245121756487026
0.15000000000000002 0.8 0.12848502994011976
0.15000000000000002 0.8500000000000001 0.13504471057884232
0.15000000000000002 0.9 0.1385109780439122
0.15000000000000002 0.9500000000000001 0.14393093812375252
0.15000000000000002 1.0 0.14498243512974052
0.2 0.0 0.0
0.2 0.05 0.0
0.2 0.1 0.0
0.2 0.15000000000000002 0.0
0.2 0.2 0.0
0.2 0.25 0.0
0.2 0.30000000000000004 0.0
0.2 0.35000000000000003 0.008085245901639344
0.2 0.4 0.03819151943462897
0.2 0.45 0.08334690618762475
0.2 0.5 0.10857724550898204
0.2 0.55 0.12508423153692616
0.2 0.6000000000000001 0.1404934131736527
0.2 0.65 0.15121516966067863
0.2 0.7000000000000001 0.16121516966067864
0.2 0.75 0.16675369261477047
0.2 0.8 0.17508902195608783
0.2 0.8500000000000001 0.18099600798403193
0.2 0.9 0.18538522954091816
0.2 0.9500000000000001 0.19188702594810378
0.2 1.0 0.19416447105788423
0.25 0.0 0.0
0.25 0.05 0.0
0.25 0.1 0.0
0.25 0.15000000000000002 0.0
0.25 0.2 0.0
0.25 0.25 0.0
0.25 0.30000000000000004 0.0037536
0.25 0.35000000000000003 0.0086
0.25 0.4 0.07688383233532933
0.25 0.45 0.11903153692614772
0.25 0.5 0.14066586826347305
0.25 0.55 0.1624874251497006
0.25 0.6000000000000001 0.17709860279441117
0.25 0.65 0.18842714570858285
0.25 0.7000000000000001 0.19913253493013972
0.25 0.75 0.20714850299401197
0.25 0.8 0.21256806387225546
0.25 0.8500000000000001 0.22097644710578843
0.25 0.9 0.22657884231536926
0.25 0.9500000000000001 0.23133852295409182
0.25 1.0 0.2360243512974052
0.30000000000000004 0.0 0.0
0.30000000000000004 0.05 0.0
0.30000000000000004 0.1 0.0
0.30000000000000004 0.15000000000000002 0.0
0.30000000000000004 0.2 0.0
0.30000000000000004 0.25 0.0003
0.30000000000000004 0.30000000000000004 0.007751351351351352
0.30000000000000004 0.35000000000000003 0.038962874251497005
0.30000000000000004 0.4 0.10731536926147706
0.30000000000000004 0.45 0.14821477045908185
0.30000000000000004 0.5 0.17266067864271456
0.30000000000000004 0.55 0.19212295409181637
0.30000000000000004 0.6000000000000001 0.20696646706586824
0.30000000000000004 0.65 0.21991896207584832
0.30000000000000004 0.7000000000000001 0.23307744510978046
0.30000000000000004 0.75 0.24054610778443117
0.30000000000000004 0.8 0.24830898203592816
0.30000000000000004 0.8500000000000001 0.2555988023952096
0.30000000000000004 0.9 0.2605928143712575
0.30000000000000004 0.9500000000000001 0.26648942115768465
0.30000000000000004 1.0 0.2716622754491018
0.35000000000000003 0.0 0.0
0.35000000000000003 0.05 0.0
0.35000000000000003 0.1 0.0
0.35000000000000003 0.15000000000000002 0.0
0.35000000000000003 0.2 0.0
0.35000000000000003 0.25 0.0
0.35000000000000003 0.30000000000000004 0.019153246753246752
0.35000000000000003 0.35000000000000003 0.06399880239520958
0.35000000000000003 0.4 0.1340303393213573
0.35000000000000003 0.45 0.17126706586826346
0.35000000000000003 0.5 0.19671576846307384
0.35000000000000003 0.55 0.22051576846307386
0.35000000000000003 0.6000000000000001 0.23496127744510978
0.35000000000000003 0.65 0.24803952095808382
0.35000000000000003 0.7000000000000001 0.2603788423153693
0.35000000000000003 0.75 0.26847305389221554
0.35000000000000003 0.8 0.2783157684630738
0.35000000000000003 0.8500000000000001 0.28481437125748504
0.35000000000000003 0.9 0.29101596806387225
0.35000000000000003 0.9500000000000001 0.2971688622754491
0.35000000000000003 1.0 0.30213932135728544
0.4 0.0 0.0
0.4 0.05 0.0
0.4 0.1 0.0
0.4 0.15000000000000002 0.0
0.4 0.2 0.0
0.4 0.25 0.0015703703703703704
0.4 0.30000000000000004 0.006384
0.4 0.35000000000000003 0.09577445109780439
0.4 0.4 0.1576926147704591
0.4 0.45 0.19379520958083835
0.4 0.5 0.21853013972055887
0.4 0.55 0.24116047904191618
0.4 0.6000000000000001 0.25699241516966065
0.4 0.65 0.27164191616766464
0.4 0.7000000000000001 0.28237125748502995
0.4 0.75 0.2928467065868263
0.4 0.8 0.30277644710578844
0.4 0.8500000000000001 0.309039121756487
0.4 0.9 0.3161121756487026
0.4 0.9500000000000001 0.32317125748502995
0.4 1.0 0.3282163672654691
0.45 0.0 0.0
0.45 0.05 0.0
0.45 0.1 0.0
0.45 0.15000000000000002 0.0
0.45 0.2 0.0
0.45 0.25 0.003606153846153846
0.45 0.30000000000000004 0.02083743500866551
0.45 0.35000000000000003 0.11623512974051896
0.45 0.4 0.17514970059880242
0.45 0.45 0.2122954091816367
0.45 0.5 0.23864990019960078
0.45 0.55 0.26014491017964075
0.45 0.6000000000000001 0.27630299401197606
0.45 0.65 0.2922307385229541
0.45 0.7000000000000001 0.3033433133732535
0.45 0.75 0.3134598802395209
0.45 0.8 0.32331017964071856
0.45 0.8500000000000001 0.33163992015968063
0.45 0.9 0.3391588822355289
0.45 0.9500000000000001 0.3448423153692615
0.45 1.0 0.35012614770459083
0.5 0.0 0.0
0.5 0.05 0.0
0.5 0.1 0.0
0.5 0.15000000000000002 0.0
0.5 0.2 0.0
0.5 0.25 0.0
0.5 0.30000000000000004 0.038335329341317365
0.5 0.35000000000000003 0.13149820359281436
0.5 0.4 0.19134251497005986
0.5 0.45 0.22720518962075847
0.5 0.5 0.25382794411177645
0.5 0.55 0.27731616766467065
0.5 0.6000000000000001 0.29452894211576847
0.5 0.65 0.3088075848303393
0.5 0.7000000000000001 0.32093612774451097
0.5 0.75 0.33130738522954095
0.5 0.8 0.3418423153692615
0.5 0.8500000000000001 0.3503764471057884
0.5 0.9 0.35783433133732534
0.5 0.9500000000000001 0.3647916167664671
0.5 1.0 0.3692255489021956
0.55 0.0 0.0
0.55 0.05 0.0
0.55 0.1 0.0
0.55 0.15000000000000002 0.0
0.55 0.2 0.0
0.55 0.25 0.0028941176470588235
0.55 0.30000000000000004 0.021474626865671642
0.55 0.35000000000000003 0.1447756487025948
0.55 0.4 0.20162035928143712
0.55 0.45 0.2418263473053892
0.55 0.5 0.26878522954091816
0.55 0.55 0.2912307385229541
0.55 0.6000000000000001 0.30836526946107784
0.55 0.65 0.3243520958083832
0.55 0.7000000000000001 0.3361588822355289
0.55 0.75 0.34812255489021954
0.55 0.8 0.35916447105788424
0.55 0.8500000000000001 0.3667285429141717
0.55 0.9 0.3742275449101796
0.55 0.9500000000000001 0.382575249500998
0.55 1.0 0.3887313373253493
0.6000000000000001 0.0 0.0
0.6000000000000001 0.05 0.0
0.6000000000000001 0.1 0.0
0.6000000000000001 0.15000000000000002 0.0
0.6000000000000001 0.2 0.0
0.6000000000000001 0.25 0.0027048780487804874
0.6000000000000001 0.30000000000000004 0.07386826347305389
0.6000000000000001 0.35000000000000003 0.1603245508982036
0.6000000000000001 0.4 0.21527944111776445
0.6000000000000001 0.45 0.25434371257485033
0.6000000000000001 0.5 0.28266027944111777
0.6000000000000001 0.55 0.3042487025948104
0.6000000000000001 0.6000000000000001 0.320777245508982
0.6000000000000001 0.65 0.3366774451097805
0.6000000000000001 0.7000000000000001 0.3501880239520958
0.6000000000000001 0.75 0.3623588822355289
0.6000000000000001 0.8 0.3727740518962076
0.6000000000000001 0.8500000000000001 0.3815684630738523
0.6000000000000001 0.9 0.39027025948103794
0.6000000000000001 0.9500000000000001 0.39728143712574854
0.6000000000000001 1.0 0.40340718562874256
0.65 0.0 0.0
0.65 0.05 0.0
0.65 0.1 0.0
0.65 0.15000000000000002 0.0
0.65 0.2 0.0
0.65 0.25 0.007988235294117647
0.65 0.30000000000000004 0.07042395209580839
0.65 0.35000000000000003 0.17497205588822357
0.65 0.4 0.22588902195608784
0.65 0.45 0.26349141716566865
0.65 0.5 0.29413373253493014
0.65 0.55 0.3149812375249501
0.65 0.6000000000000001 0.3344770459081836
0.65 0.65 0.34907265469061877
0.65 0.7000000000000001 0.3638814371257485
0.65 0.75 0.37526706586826347
0.65 0.8 0.38564630738522954
0.65 0.8500000000000001 0.39376487025948104
0.65 0.9 0.40337005988023955
0.65 0.9500000000000001 0.41057644710578844
0.65 1.0 0.4171728542914172
0.7000000000000001 0.0 0.0
0.7000000000000001 0.05 0.0
0.7000000000000001 0.1 0.0
0.7000000000000001 0.15000000000000002 0.0
0.7000000000000001 0.2 0.0
0.7000000000000001 0.25 0.001925
0.7000000000000001 0.30000000000000004 0.0687684630738523
0.7000000000000001 0.35000000000000003 0.18274890219560877
0.7000000000000001 0.4 0.23619600798403195
0.7000000000000001 0.45 0.273861876247505
0.7000000000000001 0.5 0.3036930139720559
0.7000000000000001 0.55 0.32460598802395213
0.7000000000000001 0.6000000000000001 0.34460918163672655
0.7000000000000001 0.65 0.35987225548902196
0.7000000000000001 0.7000000000000001 0.37508902195608784
0.7000000000000001 0.75 0.38634291417165667
0.7000000000000001 0.8 0.3972950099800399
0.7000000000000001 0.8500000000000001 0.40555209580838325
0.7000000000000001 0.9 0.415115369261477
0.7000000000000001 0.9500000000000001 0.42302914171656686
0.7000000000000001 1.0 0.4296447105788423
0.75 0.0 0.0
0.75 0.05 0.0
0.75 0.1 0.0
0.75 0.15000000000000002 0.0
0.75 0.2 0.0
0.75 0.25 0.003618604651162791
0.75 0.30000000000000004 0.09890339321357285
0.75 0.35000000000000003 0.1864427145708583
0.75 0.4 0.2445704590818363
0.75 0.45 0.2826131736526946
0.75 0.5 0.31133892215568865
0.75 0.55 0.3345508982035928
0.75 0.6000000000000001 0.35374850299401195
0.75 0.65 0.3700459081836327
0.75 0.7000000000000001 0.3844738522954092
0.75 0.75 0.3964818363273453
0.75 0.8 0.40824151696606786
0.75 0.8500000000000001 0.4179205588822355
0.75 0.9 0.4265516966067864
0.75 0.9500000000000001 0.4333692614770459
0.75 1.0 0.4409469061876248
0.8 0.0 0.0
0.8 0.05 0.0
0.8 0.1 0.0
0.8 0.15000000000000002 0.0
0.8 0.2 0.0
0.8 0.25 0.003914285714285715
0.8 0.30000000000000004 0.09793333333333333
0.8 0.35000000000000003 0.19672215568862275
0.8 0.4 0.24794091816367267
0.8 0.45 0.2904047904191617
0.8 0.5 0.3188311377245509
0.8 0.55 0.3424451097804391
0.8 0.6000000000000001 0.3616483033932136
0.8 0.65 0.37866666666666665
0.8 0.7000000000000001 0.3936690618762475
0.8 0.75 0.406237125748503
0.8 0.8 0.4168367265469062
0.8 0.8500000000000001 0.42756966067864266
0.8 0.9 0.43629500998003995
0.8 0.9500000000000001 0.4430263473053892
0.8 1.0 0.4512670658682635
0.8500000000000001 0.0 0.0
0.8500000000000001 0.05 0.0
0.8500000000000001 0.1 0.0
0.8500000000000001 0.15000000000000002 0.0
0.8500000000000001 0.2 0.0
0.8500000000000001 0.25 0.0
0.8500000000000001 0.30000000000000004 0.1106998003992016
0.8500000000000001 0.35000000000000003 0.20294131736526946
0.8500000000000001 0.4 0.2584682634730539
0.8500000000000001 0.45 0.29602235528942117
0.8500000000000001 0.5 0.32494211576846305
0.8500000000000001 0.55 0.3493261477045908
0.8500000000000001 0.6000000000000001 0.37024031936127744
0.8500000000000001 0.65 0.38651656686626745
0.8500000000000001 0.7000000000000001 0.400987624750499
0.8500000000000001 0.75 0.4137592814371257
0.8500000000000001 0.8 0.4253724550898203
0.8500000000000001 0.8500000000000001 0.43652175648702596
0.8500000000000001 0.9 0.44480558882235527
0.8500000000000001 0.9500000000000001 0.45252375249501003
0.8500000000000001 1.0 0.4599956087824351
0.9 0.0 0.0
0.9 0.05 0.0
0.9 0.1 0.0
0.9 0.15000000000000002 0.0
0.9 0.2 0.0
0.9 0.25 0.008940909090909091
0.9 0.30000000000000004 0.12000758483033933
0.9 0.35000000000000003 0.21192734530938123
0.9 0.4 0.26382714570858284
0.9 0.45 0.3032163672654691
0.9 0.5 0.3321740518962076
0.9 0.55 0.35658483033932137
0.9 0.6000000000000001 0.37687345309381237
0.9 0.65 0.3942854291417166
0.9 0.7000000000000001 0.4088590818363273
0.9 0.75 0.42191257485029937
0.9 0.8 0.434364870259481
0.9 0.8500000000000001 0.44465029940119755
0.9 0.9 0.4538854291417166
0.9 0.9500000000000001 0.46148622754491014
0.9 1.0 0.46823752495009974
0.9500000000000001 0.0 0.0
0.9500000000000001 0.05 0.0
0.9500000000000001 0.1 0.0
0.9500000000000001 0.15000000000000002 0.0
0.9500000000000001 0.2 0.0014
0.9500000000000001 0.25 0.005054545454545455
0.9500000000000001 0.30000000000000004 0.1250131736526946
0.9500000000000001 0.35000000000000003 0.21373692614770456
0.9500000000000001 0.4 0.270012375249501
0.9500000000000001 0.45 0.3095936127744511
0.9500000000000001 0.5 0.3394427145708583
0.9500000000000001 0.55 0.3640195608782435
0.9500000000000001 0.6000000000000001 0.3834275449101796
0.9500000000000001 0.65 0.4008423153692615
0.9500000000000001 0.7000000000000001 0.41557844311377246
0.9500000000000001 0.75 0.42894530938123754
0.9500000000000001 0.8 0.4397377245508982
0.9500000000000001 0.8500000000000001 0.45016407185628743
0.9500000000000001 0.9 0.4613109780439122
0.9500000000000001 0.9500000000000001 0.46934930139720554
0.9500000000000001 1.0 0.4770311377245509
1.0 0.0 0.0
1.0 0.05 0.0
1.0 0.1 0.0
1.0 0.15000000000000002 0.0
1.0 0.2 0.0
1.0 0.25 0.010929166666666667
1.0 0.30000000000000004 0.131936127744511
1.0 0.35000000000000003 0.22291576846307384
1.0 0.4 0.27709700598802395
1.0 0.45 0.31532135728542915
1.0 0.5 0.3441852295409182
1.0 0.55 0.3688754491017964
1.0 0.6000000000000001 0.3896642714570858
1.0 0.65 0.4073421157684631
1.0 0.7000000000000001 0.4220622754491018
1.0 0.75 0.4349696606786427
1.0 0.8 0.44634171656686633
1.0 0.8500000000000001 0.45710898203592815
1.0 0.9 0.46684111776447107
1.0 0.9500000000000001 0.4762307385229541
1.0 1.0 0.4836
