p1 Var(Infected)/N> Bootstrap error
0.2 0.0 0.0
0.21000000000000002 0.0 0.0
0.22000000000000003 0.0 0.0
0.23000000000000004 0.0 0.0
0.24000000000000005 0.0 0.0
0.25000000000000006 0.0 0.0
0.26000000000000006 0.0 0.0
0.2700000000000001 0.0 0.0
0.2800000000000001 0.0 0.0
0.2900000000000001 0.028351286165312354 0.0026231738916714085
0.3000000000000001 0.0 0.0
0.3100000000000001 0.846540921983088 0.013975685312115496
0.3200000000000001 0.7834269525619989 0.011605658604046746
0.3300000000000001 0.6475759162685722 0.009241058325222925
0.34000000000000014 0.6391700616075741 0.008936231755536938
0.35000000000000014 0.5711307564109244 0.007851279514340696
0.36000000000000015 0.5775380687761146 0.008101588765924338
0.37000000000000016 0.562526953329908 0.00851195474574591
0.38000000000000017 0.548246887570852 0.007887685386171824
0.3900000000000002 0.515603076912264 0.0076230715297579965
0.4000000000000002 0.5069325610452 0.007120703101517186
0.4100000000000002 0.5054775351122129 0.007180195874550976
0.4200000000000002 0.5016044873705189 0.00723887412048237
0.4300000000000002 0.4652445014948415 0.006822895372008432
0.4400000000000002 0.472282777927479 0.006625492035575453
0.45000000000000023 0.4539047862216791 0.006492722629012961
0.46000000000000024 0.4517127463377782 0.006505740292695849
0.47000000000000025 0.43878441483217 0.006490895464319924
0.48000000000000026 0.4706412467270041 0.006922987679231001
0.49000000000000027 0.4353407283883136 0.006426585594244817
0.5000000000000002 0.4374475185101902 0.006178555692977667
