fraction Fraction of <Infected>
0.0 0.25415240951809637
0.01 0.24874385122975404
0.02 0.24310237952409516
0.03 0.23700163967206558
0.04 0.23023323335332935
0.05 0.22426662667466507
0.06 0.21766938612277545
0.07 0.21101823635272945
0.08 0.20360311937612477
0.09 0.19691853629274145
0.1 0.18884719056188762
0.11 0.18194297140571886
0.12 0.17323283343331333
0.13 0.1666135572885423
0.14 0.15705414917016597
0.15 0.14851837632473505
0.16 0.14094501099780044
0.17 0.13200991801639672
0.18 0.12122183563287342
0.19 0.11534417116576685
0.2 0.09719380123975205
0.21 0.08500975804839032
0.22 0.07349866026794641
0.23 0.06533789242151569
0.24 0.053250650477016485
0.25 0.03440238805970149
0.26 0.032998597194388773
0.27 0.013286956521739132
0.28 0.02505238095238095
0.29 0.012368
0.3 0.006276094276094276
0.31 0.011338823529411766
0.32 0.0048
0.33 0.0
0.34 0.0075478260869565215
0.35000000000000003 0.008046376811594202
0.36 0.0
0.37 0.0
0.38 0.005768674698795181
0.39 0.00056
0.4 0.0
0.41000000000000003 0.0
0.42 0.0
0.43 0.0
0.44 0.0
0.45 0.0
0.46 0.0
0.47000000000000003 0.0
0.48 0.0
0.49 0.0
0.5 0.0
0.51 0.0
0.52 0.0
0.53 0.0
0.54 0.0
0.55 0.0
0.56 0.0
0.5700000000000001 0.0
0.58 0.0
0.59 0.0
0.6 0.0
0.61 0.0
0.62 0.0
0.63 0.0
0.64 0.0
0.65 0.0
0.66 0.0
0.67 0.0
0.68 0.0
0.6900000000000001 0.0
0.7000000000000001 0.0
0.71 0.0
0.72 0.0
0.73 0.0
0.74 0.0
0.75 0.0
0.76 0.0
0.77 0.0
0.78 0.0
0.79 0.0
0.8 0.0
0.81 0.0
0.8200000000000001 0.0
0.8300000000000001 0.0
0.84 0.0
0.85 0.0
0.86 0.0
0.87 0.0
0.88 0.0
0.89 0.0
0.9 0.0
0.91 0.0
0.92 0.0
0.93 0.0
0.9400000000000001 0.0
0.9500000000000001 0.0
0.96 0.0
0.97 0.0
0.98 0.0
0.99 0.0
1.0 0.0
